   t    mac_rx rx_bad rxf_drop rxf_bad     nl_rx  nl_stall    app_rx echo_drop echo_pkts app_stall     nl_tx    mac_tx tx_Gbps
 405    128862      0        0      0    128862         0    128859         0    128859         0    128860    128860    9.29
 406    333474      0        0      0    333474         0    333475         0    333475         0    333475    333475   24.04
 407    333387      0        0      0    333387         0    333387         0    333387         0    333386    333386   24.04
 408    333474      0        0      0    333474         0    333473         0    333473         0    333474    333474   24.04
 409    333475      0        0      0    333475         0    333476         0    333476         0    333475    333475   24.04
 410    333474      0        0      0    333474         0    333474         0    333474         0    333474    333474   24.04
 411    333474      0        0      0    333474         0    333474         0    333474         0    333475    333475   24.04
 412    333475      0        0      0    333475         0    333475         0    333475         3    333475    333475   24.04
 413    333474      0        0      0    333474         0    333474         0    333474         0    333474    333474   24.04
 414    333476      0        0      0    333476         0    333475         0    333475         0    333475    333475   24.04
 415    204777      0        0      0    204777         0    204775         0    204775         0    204775    204775   14.76
 416    318216      0        0      0    318216         0    318216         0    318216        39    318215    318215   22.94
 417    444633      0        0      0    444633         0    444633         0    444633       135    444633    444633   32.06
 418    444634      0        0      0    444633         0    444633         0    444633       145    444633    444633   32.06
 419    444633      0        0      0    444634         0    444633         0    444633       143    444634    444634   32.06
 420    444632      0        0      0    444632         0    444632         0    444632       124    444632    444632   32.06
 421    444633      0        0      0    444632         0    444632         0    444632       136    444632    444632   32.06
 422    444632      0        0      0    444633         0    444633         0    444633       143    444633    444632   32.06
 423    444634      0        0      0    444633         0    444633         0    444633       145    444633    444633   32.06
 424    444633      0        0      0    444634         0    444634         0    444634       141    444634    444634   32.06
 425    444632      0        0      0    444632         0    444632         0    444632       144    444632    444633   32.06
 426    141400      0        0      0    141400         0    141400         0    141400        44    141400    141399   10.19
 427    555789      0        0      0    555789         0    555789         0    555789       164    555788    555789   40.07
 428    555790      0        0      0    555790         0    555790         0    555790       169    555790    555790   40.07
 429    555783      0        0      0    555783         0    555782         0    555782       160    555783    555782   40.07
 430    555793      0        0      0    555793         0    555791         0    555791       170    555790    555791   40.07
 431    555791      0        0      0    555791         0    555791         0    555791       172    555791    555791   40.07
 432    555791      0        0      0    555790         0    555790         0    555790       172    555791    555791   40.07
 433    555791      0        0      0    555791         0    555791         0    555791       191    555791    555790   40.07
 434    555791      0        0      0    555792         0    555791         0    555791       178    555791    555791   40.07
 435    555792      0        0      0    555791         0    555791         0    555791       185    555791    555791   40.07
 436    540982      0        0      0    540983         0    540983         0    540983       181    540983    540984   39.00
 437    225522      0        0      0    225522         0    225522         0    225522        77    225521    225520   16.26
 438    666945      0        0      0    666945         0    666944         0    666944       231    666945    666945   48.08
 439    666949      0        0      0    666948         0    666949         0    666949       197    666949    666949   48.08
 440    666949      0        0      0    666949         0    666949         0    666949       181    666949    666949   48.08
 441    666948      0        0      0    666949         0    666949         0    666949       127    666948    666949   48.08
 442    666940      0        0      0    666940         0    666940         0    666940       202    666940    666939   48.08
 443    666948      0        0      0    666948         0    666948         0    666948       208    666949    666949   48.08
 444    666951      0        0      0    666951         0    666950         0    666950       219    666949    666949   48.08
 445    666951      0        0      0    666951         0    666949         0    666949       205    666949    666950   48.08
 446    666949      0        0      0    666949         0    666949         0    666949       223    666950    666949   48.08
 447    441551      0        0      0    441551         0    441551         0    441551       140    441551    441552   31.83
 448    504149      0        0      0    504149         0    504149         0    504149       152    504148    504148   36.35
 449    778104      0        0      0    778103         0    778102         0    778102       255    778103    778103   56.10
 450    778106      0        0      0    778107         0    778107         0    778107       205    778106    778106   56.10
 451    778107      0        0      0    778107         0    778107         0    778107       218    778106    778106   56.10
 452    778107      0        0      0    778107         0    778106         0    778106       217    778108    778107   56.10
 453    778106      0        0      0    778106         0    778107         0    778107       192    778106    778107   56.10
 454    778107      0        0      0    778106         0    778106         0    778106       218    778107    778106   56.10
 455    778107      0        0      0    778108         0    778108         0    778108       231    778107    778107   56.10
 456    778094      0        0      0    778094         0    778094         0    778094       209    778094    778095   56.10
 457    778107      0        0      0    778107         0    778107         0    778107       198    778107    778106   56.10
 458    274107      0        0      0    274107         0    274107         0    274107        66    274108    274109   19.76
 459    843607      0        0      0    843607         0    843606         0    843606       225    843605    843605   60.82
 460    889266      0        0      0    889265         0    889263         0    889263       196    889263    889263   64.11
 461    889265      0        0      0    889265         0    889265         0    889265       214    889266    889265   64.11
 462    889264      0        0      0    889265         0    889264         0    889264       280    889264    889264   64.11
 463    889234      0        0      0    889234         0    889235         0    889235       275    889234    889235   64.11
 464    889265      0        0      0    889265         0    889264         0    889264       242    889264    889263   64.11
 465    889266      0        0      0    889265         0    889265         0    889265       247    889265    889266   64.11
 466    889265      0        0      0    889266         0    889266         0    889266       247    889266    889266   64.11
 467    889266      0        0      0    889265         0    889265         0    889265       214    889265    889264   64.11
 468    889261      0        0      0    889261         0    889261         0    889261       197    889261    889262   64.11
 469    312221      0        0      0    312222         0    312222         0    312222        67    312221    312221   22.51
 470    999824      0        0      0    999824         0    999824         0    999824       268    999825    999824   72.08
 471   1000330      0        0      0   1000330         0   1000330         0   1000330       294   1000329   1000329   72.12
 472   1000421      0        0      0   1000421         0   1000421         0   1000421       307   1000422   1000423   72.13
 473   1000360      0        0      0   1000359         0   1000359         0   1000359       302   1000359   1000358   72.12
 474    935132      0        0      0    935133         0    935131         0    935131       316    935131    935131   67.42
 475    859351      0        0      0    859351         0    859350         0    859350       304    859350    859350   61.96
 476    846874      0        0      0    846874         0    846874         0    846874       300    846874    846874   61.06
 477    807343      0        0      0    807342         0    807342         0    807342       282    807342    807342   58.21
 478    843652      0        0      0    843653         0    843653         0    843653       301    843654    843654   60.82
 479    850751      0        0      0    850751         0    850750         0    850750       304    850750    850751   61.34
 480    593990      0        0      0    593990         0    593990         0    593990       211    593990    593990   42.82
 481    540439      0        0      0    540439         0    540439         0    540439       192    540438    540437   38.96
 482    849767      0        0      0    849766         0    849764         0    849764       303    849764    849764   61.26
 483    854874      0        0      0    854875         0    854875         0    854875       301    854875    854876   61.63
 484    857405      0        0      0    857405         0    857404         0    857404       305    857404    857403   61.82
 485    855096      0        0      0    855096         0    855097         0    855097       303    855098    855099   61.65
 486    856394      0        0      0    856393         0    856393         0    856393       302    856393    856393   61.74
 487    856444      0        0      0    856444         0    856444         0    856444       304    856443    856442   61.75
 488    856922      0        0      0    856923         0    856922         0    856922       302    856922    856923   61.78
 489    856456      0        0      0    856455         0    856455         0    856455       300    856455    856454   61.75
 490    850141      0        0      0    850141         0    850139         0    850139       299    850139    850139   61.29
 491    852048      0        0      0    852049         0    852049         0    852049       302    852049    852050   61.43
 492    846032      0        0      0    846032         0    846032         0    846032       296    846033    846032   61.00
 493    829794      0        0      0    829794         0    829794         0    829794       286    829793    829794   59.82
 494    354194      0        0      0    354194         0    354193         0    354193       126    354194    354194   25.54
 495    624204      0        0      0    624204         0    624203         0    624203       213    624202    624201   45.00
 496   1111571      0        0      0   1111570         0   1111570         0   1111570       382   1111571   1111572   80.14
 497   1111563      0        0      0   1111563         0   1111563         0   1111563       356   1111563   1111563   80.14
 498   1111581      0        0      0   1111581         0   1111581         0   1111581       349   1111581   1111580   80.14
 499   1111560      0        0      0   1111561         0   1111561         0   1111561       366   1111560   1111560   80.14
 500   1111580      0        0      0   1111579         0   1111579         0   1111579       377   1111580   1111580   80.14
 501   1111581      0        0      0   1111581         0   1111581         0   1111581       385   1111581   1111581   80.14
 502   1111576      0        0      0   1111576         0   1111576         0   1111576       382   1111576   1111576   80.14
 503   1111585      0        0      0   1111585         0   1111585         0   1111585       358   1111585   1111586   80.14
 504   1111583      0        0      0   1111583         0   1111582         0   1111582       336   1111582   1111582   80.14
 505    487636      0        0      0    487637         0    487635         0    487635       157    487636    487636   35.16
 506    971608      0        0      0    971607         0    971607         0    971607       347    971606    971605   70.05
 507   1080034      0        0      0   1080035         0   1080035         0   1080035       384   1080036   1080037   77.87
 508   1092055      0        0      0   1092055         0   1092055         0   1092055       391   1092054   1092053   78.73
 509   1098003      0        0      0   1098003         0   1098002         0   1098002       391   1098001   1098001   79.16
 510   1104270      0        0      0   1104269         0   1104269         0   1104269       396   1104270   1104270   79.61
 511   1093546      0        0      0   1093547         0   1093547         0   1093547       392   1093547   1093547   78.84
 512   1086417      0        0      0   1086416         0   1086416         0   1086416       391   1086416   1086416   78.33
 513   1091617      0        0      0   1091618         0   1091618         0   1091618       390   1091617   1091618   78.70
 514   1089055      0        0      0   1089054         0   1089054         0   1089054       390   1089055   1089054   78.52
 515   1095914      0        0      0   1095915         0   1095915         0   1095915       391   1095914   1095914   79.01
 516   1093356      0        0      0   1093355         0   1093355         0   1093355       393   1093357   1093357   78.83
 517    370700      0        0      0    370701         0    370701         0    370701       131    370701    370701   26.73
 518   1068472      0        0      0   1068471         0   1068471         0   1068471       380   1068470   1068470   77.03
 519   1036037      0        0      0   1036038         0   1036036         0   1036036       369   1036037   1036037   74.69
 520   1020063      0        0      0   1020062         0   1020061         0   1020061       366   1020061   1020061   73.54
 521   1017711      0        0      0   1017712         0   1017712         0   1017712       365   1017711   1017712   73.37
 522   1044846      0        0      0   1044846         0   1044846         0   1044846       375   1044845   1044845   75.33
 523   1024170      0        0      0   1024169         0   1024169         0   1024169       366   1024170   1024169   73.84
 524   1025147      0        0      0   1025148         0   1025147         0   1025147       367   1025146   1025147   73.91
 525   1047555      0        0      0   1047555         0   1047555         0   1047555       374   1047556   1047556   75.52
 526   1047963      0        0      0   1047962         0   1047962         0   1047962       375   1047963   1047962   75.55
 527   1048744      0        0      0   1048744         0   1048744         0   1048744       373   1048743   1048743   75.61
 528   1052782      0        0      0   1052783         0   1052783         0   1052783       378   1052782   1052782   75.90
 529   1072010      0        0      0   1072010         0   1072010         0   1072010       384   1072011   1072012   77.29
 530    794730      0        0      0    794730         0    794730         0    794730       282    794731    794731   57.30
